1,-3.188396,55.944425,260,-3.1884480944533,55.944129557674096,trades.rare.cable
2,-3.1884480944533,55.944129557674096,170,-3.188743536779204,55.9441816521274,null
3,-3.188743536779204,55.9441816521274,180,-3.189043536779204,55.9441816521274,spoon.invest.every
4,-3.189043536779204,55.9441816521274,100,-3.189095631232504,55.944477094453305,null
5,-3.189095631232504,55.944477094453305,100,-3.189147725685804,55.94477253677921,null
6,-3.189147725685804,55.94477253677921,100,-3.189199820139104,55.94506797910512,number.exist.rate
7,-3.189199820139104,55.94506797910512,10,-3.1889043778132002,55.94512007355842,null
8,-3.1889043778132002,55.94512007355842,10,-3.1886089354872964,55.94517216801172,rooms.lamp.teach
9,-3.1886089354872964,55.94517216801172,130,-3.188801771770202,55.94540198134466,shady.soft.phones
10,-3.188801771770202,55.94540198134466,10,-3.1885063294442983,55.94545407579796,skills.less.herb
11,-3.1885063294442983,55.94545407579796,170,-3.188801771770202,55.945506170251264,null
12,-3.188801771770202,55.945506170251264,160,-3.189083679556438,55.945608776294264,null
13,-3.189083679556438,55.945608776294264,170,-3.1893791218823417,55.94566087074757,museum.spicy.horns
14,-3.1893791218823417,55.94566087074757,90,-3.1893791218823417,55.94596087074757,coherent.saints.stuck
15,-3.1893791218823417,55.94596087074757,170,-3.1896745642082456,55.94601296520087,null
16,-3.1896745642082456,55.94601296520087,180,-3.1899745642082458,55.94601296520087,love.behind.orchestra
17,-3.1899745642082458,55.94601296520087,210,-3.1902343718293813,55.945862965200874,null
18,-3.1902343718293813,55.945862965200874,210,-3.190494179450517,55.945712965200876,null
19,-3.190494179450517,55.945712965200876,210,-3.1907539870716524,55.94556296520088,null
20,-3.1907539870716524,55.94556296520088,200,-3.191035894857888,55.94546035915788,null
21,-3.191035894857888,55.94546035915788,210,-3.1912957024790236,55.94531035915788,null
22,-3.1912957024790236,55.94531035915788,200,-3.1915776102652593,55.94520775311488,hills.feels.tunes
23,-3.1915776102652593,55.94520775311488,190,-3.191873052591163,55.94515565866158,null
24,-3.191873052591163,55.94515565866158,190,-3.192168494917067,55.945103564208274,useful.hike.trades
25,-3.192168494917067,55.945103564208274,320,-3.1919386815841313,55.94491072792537,null
26,-3.1919386815841313,55.94491072792537,320,-3.1917088682511956,55.94471789164246,null
27,-3.1917088682511956,55.94471789164246,320,-3.19147905491826,55.944525055359556,null
28,-3.19147905491826,55.944525055359556,330,-3.1912192472971244,55.94437505535956,null
29,-3.1912192472971244,55.94437505535956,320,-3.1909894339641887,55.94418221907665,null
30,-3.1909894339641887,55.94418221907665,330,-3.190729626343053,55.944032219076654,null
31,-3.190729626343053,55.944032219076654,320,-3.1904998130101174,55.94383938279375,null
32,-3.1904998130101174,55.94383938279375,330,-3.190240005388982,55.94368938279375,sculpture.shot.melon
33,-3.190240005388982,55.94368938279375,280,-3.190187910935682,55.94339394046784,arts.dish.scarcely
34,-3.190187910935682,55.94339394046784,300,-3.190037910935682,55.94313413284671,null
35,-3.190037910935682,55.94313413284671,300,-3.1898879109356817,55.942874325225574,second.launch.miles
36,-3.1898879109356817,55.942874325225574,180,-3.190187910935682,55.942874325225574,null
37,-3.190187910935682,55.942874325225574,190,-3.1904833532615857,55.94282223077227,tonic.bliss.cove
38,-3.1904833532615857,55.94282223077227,130,-3.1906761895444915,55.94305204410521,relate.chill.vest
39,-3.1906761895444915,55.94305204410521,210,-3.190935997165627,55.94290204410521,null
40,-3.190935997165627,55.94290204410521,220,-3.1911658104985627,55.942709207822304,along.spill.limp
41,-3.1911658104985627,55.942709207822304,10,-3.190870368172659,55.942761302275606,null
42,-3.190870368172659,55.942761302275606,10,-3.190574925846755,55.94281339672891,null
43,-3.190574925846755,55.94281339672891,10,-3.1902794835208512,55.94286549118221,null
44,-3.1902794835208512,55.94286549118221,20,-3.1899975757346155,55.94296809722521,null
45,-3.1899975757346155,55.94296809722521,10,-3.1897021334087117,55.943020191678514,null
46,-3.1897021334087117,55.943020191678514,20,-3.189420225622476,55.943122797721514,null
47,-3.189420225622476,55.943122797721514,10,-3.189124783296572,55.94317489217482,null
48,-3.189124783296572,55.94317489217482,20,-3.1888428755103364,55.94327749821782,null
49,-3.1888428755103364,55.94327749821782,10,-3.1885474331844326,55.94332959267112,null
50,-3.1885474331844326,55.94332959267112,20,-3.188265525398197,55.94343219871412,null
51,-3.188265525398197,55.94343219871412,10,-3.187970083072293,55.94348429316742,scare.cubs.resort
52,-3.187970083072293,55.94348429316742,40,-3.1877402697393573,55.94367712945033,null
53,-3.1877402697393573,55.94367712945033,40,-3.1875104564064216,55.943869965733235,begins.spider.drips
54,-3.1875104564064216,55.943869965733235,10,-3.1872150140805178,55.94392206018654,null
55,-3.1872150140805178,55.94392206018654,20,-3.186933106294282,55.94402466622954,renew.ears.tend
56,-3.186933106294282,55.94402466622954,10,-3.186637663968378,55.94407676068284,lime.learns.front
57,-3.186637663968378,55.94407676068284,190,-3.186933106294282,55.94402466622954,null
58,-3.186933106294282,55.94402466622954,130,-3.187125942577188,55.944254479562474,null
59,-3.187125942577188,55.944254479562474,130,-3.1873187788600936,55.94448429289541,only.fairly.rift
60,-3.1873187788600936,55.94448429289541,10,-3.18702333653419,55.94453638734871,null
61,-3.18702333653419,55.94453638734871,10,-3.186727894208286,55.944588481802015,artist.gets.react
62,-3.186727894208286,55.944588481802015,60,-3.186577894208286,55.94484828942315,laws.merit.bleak
63,-3.186577894208286,55.94484828942315,60,-3.1864278942082858,55.94510809704428,null
64,-3.1864278942082858,55.94510809704428,150,-3.1866877018294213,55.94525809704428,null
65,-3.1866877018294213,55.94525809704428,140,-3.186917515162357,55.94545093332719,spent.spoon.bolt
66,-3.186917515162357,55.94545093332719,150,-3.1871773227834925,55.945600933327185,diner.leaves.mutual
67,-3.1871773227834925,55.945600933327185,330,-3.186917515162357,55.94545093332719,null
68,-3.186917515162357,55.94545093332719,300,-3.186767515162357,55.94519112570605,null
69,-3.186767515162357,55.94519112570605,310,-3.186574678879451,55.94496131237312,null
70,-3.186574678879451,55.94496131237312,300,-3.186424678879451,55.94470150475198,null
71,-3.186424678879451,55.94470150475198,310,-3.1862318425965452,55.94447169141905,null
72,-3.1862318425965452,55.94447169141905,290,-3.1861292365535476,55.94418978363281,null
73,-3.1861292365535476,55.94418978363281,290,-3.18602663051055,55.94390787584657,teams.mild.played
74,-3.18602663051055,55.94390787584657,260,-3.18607872496385,55.94361243352066,null
75,-3.18607872496385,55.94361243352066,260,-3.18613081941715,55.943316991194756,null
76,-3.18613081941715,55.943316991194756,260,-3.18618291387045,55.94302154886885,null
77,-3.18618291387045,55.94302154886885,250,-3.1862855199134477,55.94273964108261,under.retire.bump
78,-3.1862855199134477,55.94273964108261,180,-3.186585519913448,55.94273964108261,null
79,-3.186585519913448,55.94273964108261,190,-3.1868809622393517,55.94268754662931,strut.river.surely
80,-3.1868809622393517,55.94268754662931,120,-3.187030962239352,55.94294735425044,null
81,-3.187030962239352,55.94294735425044,110,-3.1871335682823494,55.94322926203668,scale.chair.kinds
82,-3.1871335682823494,55.94322926203668,10,-3.1868381259564456,55.94328135648998,null
83,-3.1868381259564456,55.94328135648998,30,-3.18657831833531,55.94343135648998,null
84,-3.18657831833531,55.94343135648998,10,-3.186282876009406,55.94348345094328,null
85,-3.186282876009406,55.94348345094328,10,-3.1859874336835023,55.943535545396585,null
86,-3.1859874336835023,55.943535545396585,10,-3.1856919913575985,55.94358763984989,null
87,-3.1856919913575985,55.94358763984989,20,-3.185410083571363,55.94369024589289,null
88,-3.185410083571363,55.94369024589289,10,-3.185114641245459,55.94374234034619,null
89,-3.185114641245459,55.94374234034619,20,-3.1848327334592232,55.94384494638919,rider.mile.lime
90,-3.1848327334592232,55.94384494638919,80,-3.1847806390059232,55.9441403887151,null
91,-3.1847806390059232,55.9441403887151,80,-3.184728544552623,55.944435831041005,null
92,-3.184728544552623,55.944435831041005,80,-3.184676450099323,55.94473127336691,null
93,-3.184676450099323,55.94473127336691,70,-3.1845738440563256,55.94501318115315,null
94,-3.1845738440563256,55.94501318115315,80,-3.1845217496030256,55.94530862347906,settle.title.united
95,-3.1845217496030256,55.94530862347906,170,-3.1848171919289294,55.94536071793236,null
96,-3.1848171919289294,55.94536071793236,170,-3.1851126342548333,55.94541281238566,null
97,-3.1851126342548333,55.94541281238566,170,-3.185408076580737,55.945464906838964,null
98,-3.185408076580737,55.945464906838964,170,-3.185703518906641,55.94551700129227,null
99,-3.185703518906641,55.94551700129227,180,-3.186003518906641,55.94551700129227,null
100,-3.186003518906641,55.94551700129227,170,-3.186298961232545,55.94556909574557,null
101,-3.186298961232545,55.94556909574557,180,-3.186598961232545,55.94556909574557,null
102,-3.186598961232545,55.94556909574557,170,-3.186894403558449,55.94562119019887,null
103,-3.186894403558449,55.94562119019887,180,-3.187194403558449,55.94562119019887,null
104,-3.187194403558449,55.94562119019887,170,-3.187489845884353,55.94567328465217,null
105,-3.187489845884353,55.94567328465217,180,-3.187789845884353,55.94567328465217,null
106,-3.187789845884353,55.94567328465217,170,-3.188085288210257,55.945725379105475,null
107,-3.188085288210257,55.945725379105475,180,-3.1883852882102572,55.945725379105475,null
108,-3.1883852882102572,55.945725379105475,170,-3.188680730536161,55.94577747355878,null
109,-3.188680730536161,55.94577747355878,180,-3.1889807305361613,55.94577747355878,null
110,-3.1889807305361613,55.94577747355878,170,-3.189276172862065,55.94582956801208,null
111,-3.189276172862065,55.94582956801208,180,-3.1895761728620653,55.94582956801208,null
112,-3.1895761728620653,55.94582956801208,170,-3.189871615187969,55.94588166246538,null
113,-3.189871615187969,55.94588166246538,180,-3.1901716151879693,55.94588166246538,null
114,-3.1901716151879693,55.94588166246538,170,-3.190467057513873,55.945933756918684,null
115,-3.190467057513873,55.945933756918684,180,-3.1907670575138734,55.945933756918684,null
116,-3.1907670575138734,55.945933756918684,170,-3.191062499839777,55.94598585137199,simple.rust.audio
117,-3.191062499839777,55.94598585137199,330,-3.1908026922186417,55.94583585137199,null
118,-3.1908026922186417,55.94583585137199,330,-3.190542884597506,55.94568585137199,null
119,-3.190542884597506,55.94568585137199,330,-3.1902830769763706,55.94553585137199,null
120,-3.1902830769763706,55.94553585137199,330,-3.190023269355235,55.945385851371995,null
121,-3.190023269355235,55.945385851371995,330,-3.1897634617340995,55.945235851372,null
122,-3.1897634617340995,55.945235851372,330,-3.189503654112964,55.945085851372,null
123,-3.189503654112964,55.945085851372,330,-3.1892438464918285,55.944935851372,null
124,-3.1892438464918285,55.944935851372,330,-3.188984038870693,55.944785851372,null
125,-3.188984038870693,55.944785851372,330,-3.1887242312495574,55.944635851372006,null
126,-3.1887242312495574,55.944635851372006,330,-3.188464423628422,55.94448585137201,null
