1,-3.188396,55.944425,290,-3.1882933939570024,55.944143092213764,null
2,-3.1882933939570024,55.944143092213764,300,-3.1881433939570023,55.94388328459263,null
3,-3.1881433939570023,55.94388328459263,290,-3.1880407879140047,55.94360137680639,scare.cubs.resort
4,-3.1880407879140047,55.94360137680639,220,-3.1882706012469404,55.943408540523485,null
5,-3.1882706012469404,55.943408540523485,220,-3.188500414579876,55.94321570424058,groups.ideas.script
6,-3.188500414579876,55.94321570424058,200,-3.188782322366112,55.94311309819758,null
7,-3.188782322366112,55.94311309819758,190,-3.1890777646920156,55.943061003744276,region.passes.pencil
8,-3.1890777646920156,55.943061003744276,130,-3.1892706009749214,55.94329081707721,null
9,-3.1892706009749214,55.94329081707721,130,-3.189463437257827,55.94352063041015,cars.attend.hotels
10,-3.189463437257827,55.94352063041015,120,-3.1896134372578273,55.94378043803128,null
11,-3.1896134372578273,55.94378043803128,120,-3.1897634372578274,55.94404024565242,cliff.asleep.wedge
12,-3.1897634372578274,55.94404024565242,180,-3.1900634372578276,55.94404024565242,null
13,-3.1900634372578276,55.94404024565242,190,-3.1903588795837314,55.943988151199115,pump.wheels.hulk
14,-3.1903588795837314,55.943988151199115,290,-3.190256273540734,55.943706243412876,null
15,-3.190256273540734,55.943706243412876,280,-3.190204179087434,55.94341080108697,arts.dish.scarcely
16,-3.190204179087434,55.94341080108697,180,-3.190504179087434,55.94341080108697,null
17,-3.190504179087434,55.94341080108697,180,-3.190804179087434,55.94341080108697,null
18,-3.190804179087434,55.94341080108697,190,-3.191099621413338,55.94335870663367,meal.feed.large
19,-3.191099621413338,55.94335870663367,90,-3.191099621413338,55.94365870663367,null
20,-3.191099621413338,55.94365870663367,90,-3.191099621413338,55.94395870663367,null
21,-3.191099621413338,55.94395870663367,90,-3.191099621413338,55.944258706633676,paying.crowd.weep
22,-3.191099621413338,55.944258706633676,90,-3.191099621413338,55.94455870663368,null
23,-3.191099621413338,55.94455870663368,80,-3.191047526960038,55.944854148959585,null
24,-3.191047526960038,55.944854148959585,90,-3.191047526960038,55.94515414895959,maple.limit.hotels
25,-3.191047526960038,55.94515414895959,120,-3.191197526960038,55.94541395658072,skins.engage.best
26,-3.191197526960038,55.94541395658072,210,-3.1914573345811736,55.945263956580725,hills.feels.tunes
27,-3.1914573345811736,55.945263956580725,190,-3.1917527769070775,55.94521186212742,null
28,-3.1917527769070775,55.94521186212742,190,-3.1920482192329813,55.94515976767412,useful.hike.trades
29,-3.1920482192329813,55.94515976767412,80,-3.1919961247796813,55.94545521000003,null
30,-3.1919961247796813,55.94545521000003,80,-3.1919440303263813,55.945750652325934,null
31,-3.1919440303263813,55.945750652325934,80,-3.1918919358730813,55.94604609465184,stone.undulation.poems
32,-3.1918919358730813,55.94604609465184,340,-3.1916100280868456,55.94594348860884,null
33,-3.1916100280868456,55.94594348860884,330,-3.19135022046571,55.94579348860884,null
34,-3.19135022046571,55.94579348860884,340,-3.1910683126794743,55.94569088256584,null
35,-3.1910683126794743,55.94569088256584,330,-3.190808505058339,55.945540882565844,null
36,-3.190808505058339,55.945540882565844,340,-3.190526597272103,55.94543827652284,jump.crop.fits
37,-3.190526597272103,55.94543827652284,50,-3.1903337609891973,55.94566808985578,null
38,-3.1903337609891973,55.94566808985578,40,-3.1901039476562616,55.945860926138685,null
39,-3.1901039476562616,55.945860926138685,50,-3.189911111373356,55.94609073947162,love.behind.orchestra
40,-3.189911111373356,55.94609073947162,340,-3.18962920358712,55.94598813342862,null
41,-3.18962920358712,55.94598813342862,340,-3.1893472958008844,55.94588552738562,null
42,-3.1893472958008844,55.94588552738562,340,-3.1890653880146487,55.94578292134262,stops.else.chats
43,-3.1890653880146487,55.94578292134262,30,-3.188805580393513,55.94593292134262,null
44,-3.188805580393513,55.94593292134262,30,-3.1885457727723776,55.946082921342615,boost.radar.stress
45,-3.1885457727723776,55.946082921342615,350,-3.1882503304464738,55.94603082688931,null
46,-3.1882503304464738,55.94603082688931,350,-3.18795488812057,55.94597873243601,null
47,-3.18795488812057,55.94597873243601,0,-3.1876548881205697,55.94597873243601,null
48,-3.1876548881205697,55.94597873243601,350,-3.187359445794666,55.94592663798271,slips.mass.baking
49,-3.187359445794666,55.94592663798271,350,-3.187064003468762,55.945874543529406,null
50,-3.187064003468762,55.945874543529406,350,-3.1867685611428582,55.945822449076104,null
51,-3.1867685611428582,55.945822449076104,350,-3.1864731188169544,55.9457703546228,posts.kicked.universally
52,-3.1864731188169544,55.9457703546228,270,-3.1864731188169544,55.9454703546228,null
53,-3.1864731188169544,55.9454703546228,260,-3.1865252132702544,55.94517491229689,null
54,-3.1865252132702544,55.94517491229689,270,-3.1865252132702544,55.94487491229689,laws.merit.bleak
55,-3.1865252132702544,55.94487491229689,300,-3.1863752132702543,55.944615104675755,null
56,-3.1863752132702543,55.944615104675755,310,-3.1861823769873485,55.94438529134282,organs.shape.fantastic
57,-3.1861823769873485,55.94438529134282,0,-3.1858823769873483,55.94438529134282,null
58,-3.1858823769873483,55.94438529134282,350,-3.1855869346614445,55.94433319688952,atoms.vanish.foods
59,-3.1855869346614445,55.94433319688952,230,-3.1857797709443503,55.94410338355658,null
60,-3.1857797709443503,55.94410338355658,220,-3.186009584277286,55.943910547273674,teams.mild.played
61,-3.186009584277286,55.943910547273674,350,-3.185714141951382,55.94385845282037,null
62,-3.185714141951382,55.94385845282037,340,-3.1854322341651464,55.94375584677737,null
63,-3.1854322341651464,55.94375584677737,350,-3.1851367918392426,55.94370375232407,hello.love.keys
64,-3.1851367918392426,55.94370375232407,300,-3.1849867918392425,55.943443944702935,null
65,-3.1849867918392425,55.943443944702935,300,-3.1848367918392424,55.9431841370818,courier.assume.bill
66,-3.1848367918392424,55.9431841370818,190,-3.1851322341651462,55.9431320426285,null
67,-3.1851322341651462,55.9431320426285,190,-3.18542767649105,55.943079948175196,toned.deflection.bland
68,-3.18542767649105,55.943079948175196,230,-3.185620512773956,55.94285013484226,dent.shins.cycle
69,-3.185620512773956,55.94285013484226,170,-3.1859159550998597,55.94290222929556,null
70,-3.1859159550998597,55.94290222929556,170,-3.1862113974257635,55.942954323748864,hers.banks.goat
71,-3.1862113974257635,55.942954323748864,190,-3.1865068397516674,55.94290222929556,null
72,-3.1865068397516674,55.94290222929556,180,-3.1868068397516676,55.94290222929556,null
73,-3.1868068397516676,55.94290222929556,190,-3.1871022820775714,55.94285013484226,valve.elaborate.fortunate
74,-3.1871022820775714,55.94285013484226,60,-3.1869522820775713,55.943109942463394,null
75,-3.1869522820775713,55.943109942463394,60,-3.186802282077571,55.94336975008453,null
76,-3.186802282077571,55.94336975008453,60,-3.186652282077571,55.94362955770566,null
77,-3.186652282077571,55.94362955770566,60,-3.186502282077571,55.9438893653268,null
78,-3.186502282077571,55.9438893653268,50,-3.1863094457946652,55.94411917865973,null
79,-3.1863094457946652,55.94411917865973,70,-3.1862068397516676,55.94440108644597,null
80,-3.1862068397516676,55.94440108644597,70,-3.18610423370867,55.94468299423221,null
81,-3.18610423370867,55.94468299423221,70,-3.1860016276656724,55.94496490201845,null
82,-3.1860016276656724,55.94496490201845,60,-3.1858516276656723,55.94522470963958,null
83,-3.1858516276656723,55.94522470963958,70,-3.1857490216226747,55.94550661742582,null
84,-3.1857490216226747,55.94550661742582,60,-3.1855990216226746,55.945766425046955,shed.desire.muddy
85,-3.1855990216226746,55.945766425046955,340,-3.185317113836439,55.945663819003954,null
86,-3.185317113836439,55.945663819003954,340,-3.185035206050203,55.94556121296095,null
87,-3.185035206050203,55.94556121296095,330,-3.1847753984290676,55.945411212960956,null
88,-3.1847753984290676,55.945411212960956,340,-3.184493490642832,55.945308606917955,settle.title.united
89,-3.184493490642832,55.945308606917955,230,-3.1846863269257377,55.94507879358502,null
90,-3.1846863269257377,55.94507879358502,230,-3.1848791632086435,55.94484898025208,null
91,-3.1848791632086435,55.94484898025208,230,-3.1850719994915493,55.944619166919146,null
92,-3.1850719994915493,55.944619166919146,230,-3.185264835774455,55.94438935358621,null
93,-3.185264835774455,55.94438935358621,220,-3.1854946491073908,55.944196517303304,null
94,-3.1854946491073908,55.944196517303304,230,-3.1856874853902966,55.94396670397037,null
95,-3.1856874853902966,55.94396670397037,220,-3.1859172987232323,55.94377386768746,null
96,-3.1859172987232323,55.94377386768746,230,-3.186110135006138,55.943544054354525,null
97,-3.186110135006138,55.943544054354525,220,-3.1863399483390737,55.94335121807162,null
98,-3.1863399483390737,55.94335121807162,270,-3.1863399483390737,55.943051218071616,null
99,-3.1863399483390737,55.943051218071616,210,-3.1865997559602093,55.94290121807162,null
100,-3.1865997559602093,55.94290121807162,210,-3.186859563581345,55.94275121807162,strut.river.surely
101,-3.186859563581345,55.94275121807162,130,-3.1870523998642506,55.94298103140456,null
102,-3.1870523998642506,55.94298103140456,130,-3.1872452361471564,55.94321084473749,null
103,-3.1872452361471564,55.94321084473749,130,-3.187438072430062,55.94344065807043,null
104,-3.187438072430062,55.94344065807043,130,-3.187630908712968,55.943670471403365,null
105,-3.187630908712968,55.943670471403365,140,-3.1878607220459036,55.94386330768627,null
106,-3.1878607220459036,55.94386330768627,130,-3.1880535583288094,55.94409312101921,null
107,-3.1880535583288094,55.94409312101921,140,-3.188283371661745,55.944285957302114,null
