1,-3.188396,55.944425,260,-3.1884480944533,55.944129557674096,trades.rare.cable
2,-3.1884480944533,55.944129557674096,310,-3.1882552581703942,55.94389974434116,cubs.trucks.help
3,-3.1882552581703942,55.94389974434116,200,-3.18853716595663,55.94379713829816,null
4,-3.18853716595663,55.94379713829816,200,-3.1888190737428657,55.94369453225516,labels.hotels.alert
5,-3.1888190737428657,55.94369453225516,120,-3.1889690737428658,55.94395433987629,null
6,-3.1889690737428658,55.94395433987629,120,-3.189119073742866,55.944214147497426,spoon.invest.every
7,-3.189119073742866,55.944214147497426,220,-3.1893488870758016,55.94402131121452,null
8,-3.1893488870758016,55.94402131121452,220,-3.1895787004087373,55.943828474931614,burn.spot.across
9,-3.1895787004087373,55.943828474931614,130,-3.189771536691643,55.94405828826455,cliff.asleep.wedge
10,-3.189771536691643,55.94405828826455,190,-3.190066979017547,55.94400619381125,null
11,-3.190066979017547,55.94400619381125,180,-3.190366979017547,55.94400619381125,pump.wheels.hulk
12,-3.190366979017547,55.94400619381125,290,-3.1902643729745495,55.94372428602501,null
13,-3.1902643729745495,55.94372428602501,290,-3.190161766931552,55.94344237823877,null
14,-3.190161766931552,55.94344237823877,290,-3.1900591608885542,55.94316047045253,shows.fries.lamp
15,-3.1900591608885542,55.94316047045253,300,-3.189909160888554,55.9429006628314,null
16,-3.189909160888554,55.9429006628314,300,-3.189759160888554,55.942640855210264,hooked.shine.third
17,-3.189759160888554,55.942640855210264,80,-3.189707066435254,55.94293629753617,null
18,-3.189707066435254,55.94293629753617,10,-3.18941162410935,55.94298839198947,region.passes.pencil
19,-3.18941162410935,55.94298839198947,190,-3.189707066435254,55.94293629753617,null
20,-3.189707066435254,55.94293629753617,190,-3.190002508761158,55.94288420308287,null
21,-3.190002508761158,55.94288420308287,190,-3.1902979510870617,55.94283210862957,null
22,-3.1902979510870617,55.94283210862957,180,-3.190597951087062,55.94283210862957,tonic.bliss.cove
23,-3.190597951087062,55.94283210862957,140,-3.1908277644199976,55.94302494491247,null
24,-3.1908277644199976,55.94302494491247,130,-3.1910206007029034,55.94325475824541,meal.feed.large
25,-3.1910206007029034,55.94325475824541,100,-3.1910726951562034,55.943550200571316,null
26,-3.1910726951562034,55.943550200571316,100,-3.1911247896095034,55.94384564289722,null
27,-3.1911247896095034,55.94384564289722,90,-3.1911247896095034,55.944145642897226,null
28,-3.1911247896095034,55.944145642897226,100,-3.1911768840628034,55.94444108522313,null
29,-3.1911768840628034,55.94444108522313,90,-3.1911768840628034,55.944741085223136,null
30,-3.1911768840628034,55.944741085223136,100,-3.1912289785161034,55.94503652754904,null
31,-3.1912289785161034,55.94503652754904,90,-3.1912289785161034,55.945336527549046,null
32,-3.1912289785161034,55.945336527549046,100,-3.1912810729694034,55.94563196987495,skins.engage.best
33,-3.1912810729694034,55.94563196987495,70,-3.191178466926406,55.94591387766119,simple.rust.audio
34,-3.191178466926406,55.94591387766119,10,-3.190883024600502,55.94596597211449,null
35,-3.190883024600502,55.94596597211449,0,-3.190583024600502,55.94596597211449,null
36,-3.190583024600502,55.94596597211449,10,-3.190287582274598,55.946018066567795,null
37,-3.190287582274598,55.946018066567795,0,-3.1899875822745978,55.946018066567795,love.behind.orchestra
38,-3.1899875822745978,55.946018066567795,280,-3.1899354878212978,55.94572262424189,null
39,-3.1899354878212978,55.94572262424189,290,-3.1898328817783,55.94544071645565,turkey.limit.ramp
40,-3.1898328817783,55.94544071645565,330,-3.1895730741571646,55.94529071645565,null
41,-3.1895730741571646,55.94529071645565,330,-3.189313266536029,55.945140716455654,number.exist.rate
42,-3.189313266536029,55.945140716455654,20,-3.1890313587497934,55.945243322498655,null
43,-3.1890313587497934,55.945243322498655,20,-3.1887494509635577,55.945345928541656,null
44,-3.1887494509635577,55.945345928541656,20,-3.188467543177322,55.945448534584656,null
45,-3.188467543177322,55.945448534584656,30,-3.1882077355561864,55.945598534584654,null
46,-3.1882077355561864,55.945598534584654,20,-3.1879258277699507,55.945701140627655,null
47,-3.1879258277699507,55.945701140627655,30,-3.187666020148815,55.94585114062765,null
48,-3.187666020148815,55.94585114062765,20,-3.1873841123625795,55.945953746670654,slips.mass.baking
49,-3.1873841123625795,55.945953746670654,310,-3.1871912760796737,55.94572393333772,null
50,-3.1871912760796737,55.94572393333772,310,-3.186998439796768,55.94549412000478,spent.spoon.bolt
51,-3.186998439796768,55.94549412000478,30,-3.1867386321756324,55.94564412000478,hidden.handle.softly
52,-3.1867386321756324,55.94564412000478,270,-3.1867386321756324,55.945344120004776,dragon.bottle.crisp
53,-3.1867386321756324,55.945344120004776,300,-3.1865886321756323,55.94508431238364,laws.merit.bleak
54,-3.1865886321756323,55.94508431238364,280,-3.1865365377223323,55.944788870057735,null
55,-3.1865365377223323,55.944788870057735,220,-3.186766351055268,55.94459603377483,artist.gets.react
56,-3.186766351055268,55.94459603377483,190,-3.187061793381172,55.94454393932153,null
57,-3.187061793381172,55.94454393932153,200,-3.1873437011674075,55.944441333278526,null
58,-3.1873437011674075,55.944441333278526,310,-3.1871508648845017,55.94421151994559,null
59,-3.1871508648845017,55.94421151994559,300,-3.1870008648845016,55.943951712324456,renew.ears.tend
60,-3.1870008648845016,55.943951712324456,240,-3.1871508648845017,55.94369190470332,null
61,-3.1871508648845017,55.94369190470332,240,-3.187300864884502,55.94343209708219,null
62,-3.187300864884502,55.94343209708219,240,-3.187450864884502,55.94317228946105,null
63,-3.187450864884502,55.94317228946105,240,-3.187600864884502,55.94291248183992,panic.squad.danger
64,-3.187600864884502,55.94291248183992,30,-3.1873410572633665,55.94306248183992,null
65,-3.1873410572633665,55.94306248183992,30,-3.187081249642231,55.943212481839915,null
66,-3.187081249642231,55.943212481839915,30,-3.1868214420210954,55.94336248183991,null
67,-3.1868214420210954,55.94336248183991,30,-3.18656163439996,55.94351248183991,null
68,-3.18656163439996,55.94351248183991,20,-3.186279726613724,55.94361508788291,null
69,-3.186279726613724,55.94361508788291,30,-3.1860199189925886,55.94376508788291,null
70,-3.1860199189925886,55.94376508788291,20,-3.185738011206353,55.94386769392591,null
71,-3.185738011206353,55.94386769392591,30,-3.1854782035852174,55.94401769392591,manliness.poem.cliff
72,-3.1854782035852174,55.94401769392591,120,-3.1856282035852175,55.94427750154704,atoms.vanish.foods
73,-3.1856282035852175,55.94427750154704,310,-3.1854353673023117,55.944047688214106,null
74,-3.1854353673023117,55.944047688214106,310,-3.185242531019406,55.94381787488117,hello.love.keys
75,-3.185242531019406,55.94381787488117,70,-3.1851399249764083,55.94409978266741,null
76,-3.1851399249764083,55.94409978266741,70,-3.1850373189334107,55.944381690453646,null
77,-3.1850373189334107,55.944381690453646,70,-3.184934712890413,55.944663598239885,slide.leads.stores
78,-3.184934712890413,55.944663598239885,60,-3.184784712890413,55.94492340586102,null
79,-3.184784712890413,55.94492340586102,50,-3.184591876607507,55.945153219193955,settle.title.united
80,-3.184591876607507,55.945153219193955,120,-3.1847418766075073,55.94541302681509,null
81,-3.1847418766075073,55.94541302681509,120,-3.1848918766075074,55.94567283443622,null
82,-3.1848918766075074,55.94567283443622,130,-3.185084712890413,55.94590264776916,rider.aura.bulb
83,-3.185084712890413,55.94590264776916,190,-3.185380155216317,55.94585055331586,null
84,-3.185380155216317,55.94585055331586,200,-3.1856620630025527,55.94574794727286,shed.desire.muddy
85,-3.1856620630025527,55.94574794727286,180,-3.185962063002553,55.94574794727286,null
86,-3.185962063002553,55.94574794727286,180,-3.186262063002553,55.94574794727286,posts.kicked.universally
87,-3.186262063002553,55.94574794727286,210,-3.1865218706236886,55.94559794727286,null
88,-3.1865218706236886,55.94559794727286,210,-3.186781678244824,55.94544794727286,null
89,-3.186781678244824,55.94544794727286,160,-3.18706358603106,55.94555055331586,null
90,-3.18706358603106,55.94555055331586,170,-3.1873590283569637,55.945602647769164,null
91,-3.1873590283569637,55.945602647769164,200,-3.1876409361431994,55.94550004172616,null
92,-3.1876409361431994,55.94550004172616,190,-3.1879363784691033,55.94544794727286,null
93,-3.1879363784691033,55.94544794727286,190,-3.188231820795007,55.94539585281956,null
94,-3.188231820795007,55.94539585281956,260,-3.188283915248307,55.94510041049365,null
95,-3.188283915248307,55.94510041049365,260,-3.188336009701607,55.944804968167745,null
96,-3.188336009701607,55.944804968167745,260,-3.188388104154907,55.94450952584184,null
