1,-3.188396,55.944425,290,-3.1882933939570024,55.944143092213764,rush.crown.link
2,-3.1882933939570024,55.944143092213764,300,-3.1881433939570023,55.94388328459263,cubs.trucks.help
3,-3.1881433939570023,55.94388328459263,50,-3.1879505576740965,55.944113097925566,null
4,-3.1879505576740965,55.944113097925566,60,-3.1878005576740964,55.9443729055467,thank.salsa.brain
5,-3.1878005576740964,55.9443729055467,330,-3.187540750052961,55.9442229055467,null
6,-3.187540750052961,55.9442229055467,340,-3.187258842266725,55.9441202995037,null
7,-3.187258842266725,55.9441202995037,330,-3.1869990346455896,55.943970299503704,renew.ears.tend
8,-3.1869990346455896,55.943970299503704,230,-3.1871918709284954,55.94374048617077,null
9,-3.1871918709284954,55.94374048617077,220,-3.187421684261431,55.94354764988786,shut.stands.media
10,-3.187421684261431,55.94354764988786,300,-3.187271684261431,55.94328784226673,null
11,-3.187271684261431,55.94328784226673,300,-3.187121684261431,55.94302803464559,null
12,-3.187121684261431,55.94302803464559,290,-3.1870190782184333,55.942746126859355,strut.river.surely
13,-3.1870190782184333,55.942746126859355,50,-3.1868262419355275,55.94297594019229,null
14,-3.1868262419355275,55.94297594019229,50,-3.1866334056526218,55.94320575352523,null
15,-3.1866334056526218,55.94320575352523,120,-3.186783405652622,55.94346556114636,null
16,-3.186783405652622,55.94346556114636,30,-3.1865235980314863,55.94361556114636,null
17,-3.1865235980314863,55.94361556114636,30,-3.186263790410351,55.94376556114636,null
18,-3.186263790410351,55.94376556114636,30,-3.1860039827892153,55.943915561146355,teams.mild.played
19,-3.1860039827892153,55.943915561146355,110,-3.186106588832213,55.94419746893259,organs.shape.fantastic
20,-3.186106588832213,55.94419746893259,340,-3.185824681045977,55.94409486288959,null
21,-3.185824681045977,55.94409486288959,340,-3.1855427732597414,55.94399225684659,manliness.poem.cliff
22,-3.1855427732597414,55.94399225684659,60,-3.1853927732597414,55.944252064467726,null
23,-3.1853927732597414,55.944252064467726,60,-3.1852427732597413,55.94451187208886,acid.chair.butter
24,-3.1852427732597413,55.94451187208886,30,-3.1849829656386057,55.94466187208886,slide.leads.stores
25,-3.1849829656386057,55.94466187208886,50,-3.1847901293557,55.944891685421794,null
26,-3.1847901293557,55.944891685421794,60,-3.1846401293557,55.94515149304293,settle.title.united
27,-3.1846401293557,55.94515149304293,150,-3.1848999369768354,55.945301493042926,null
28,-3.1848999369768354,55.945301493042926,150,-3.185159744597971,55.945451493042924,null
29,-3.185159744597971,55.945451493042924,150,-3.1854195522191064,55.94560149304292,null
30,-3.1854195522191064,55.94560149304292,140,-3.185649365552042,55.94579432932583,shed.desire.muddy
31,-3.185649365552042,55.94579432932583,120,-3.1857993655520422,55.94605413694696,renew.slows.basket
32,-3.1857993655520422,55.94605413694696,210,-3.1860591731731778,55.945904136946965,null
33,-3.1860591731731778,55.945904136946965,210,-3.1863189807943133,55.94575413694697,posts.kicked.universally
34,-3.1863189807943133,55.94575413694697,240,-3.1864689807943134,55.94549432932583,null
35,-3.1864689807943134,55.94549432932583,230,-3.186661817077219,55.945264515992896,dragon.bottle.crisp
36,-3.186661817077219,55.945264515992896,160,-3.186943724863455,55.9453671220359,null
37,-3.186943724863455,55.9453671220359,130,-3.1871365611463607,55.94559693536883,null
38,-3.1871365611463607,55.94559693536883,180,-3.187436561146361,55.94559693536883,null
39,-3.187436561146361,55.94559693536883,190,-3.1877320034722647,55.94554484091553,null
40,-3.1877320034722647,55.94554484091553,180,-3.188032003472265,55.94554484091553,null
41,-3.188032003472265,55.94554484091553,190,-3.1883274457981687,55.94549274646223,skills.less.herb
42,-3.1883274457981687,55.94549274646223,160,-3.1886093535844044,55.94559535250523,null
43,-3.1886093535844044,55.94559535250523,160,-3.18889126137064,55.94569795854823,stops.else.chats
44,-3.18889126137064,55.94569795854823,260,-3.18894335582394,55.94540251622232,null
45,-3.18894335582394,55.94540251622232,260,-3.18899545027724,55.945107073896416,null
46,-3.18899545027724,55.945107073896416,260,-3.18904754473054,55.94481163157051,null
47,-3.18904754473054,55.94481163157051,260,-3.18909963918384,55.9445161892446,null
48,-3.18909963918384,55.9445161892446,260,-3.18915173363714,55.944220746918695,spoon.invest.every
49,-3.18915173363714,55.944220746918695,190,-3.189447175963044,55.94416865246539,null
50,-3.189447175963044,55.94416865246539,190,-3.189742618288948,55.94411655801209,cliff.asleep.wedge
51,-3.189742618288948,55.94411655801209,220,-3.1899724316218836,55.943923721729185,null
52,-3.1899724316218836,55.943923721729185,210,-3.190232239243019,55.94377372172919,sculpture.shot.melon
53,-3.190232239243019,55.94377372172919,230,-3.190425075525925,55.94354390839625,null
54,-3.190425075525925,55.94354390839625,240,-3.190575075525925,55.94328410077512,null
55,-3.190575075525925,55.94328410077512,230,-3.190767911808831,55.94305428744218,relate.chill.vest
56,-3.190767911808831,55.94305428744218,180,-3.191067911808831,55.94305428744218,else.urban.museum
57,-3.191067911808831,55.94305428744218,110,-3.1911705178518286,55.94333619522842,meal.feed.large
58,-3.1911705178518286,55.94333619522842,80,-3.1911184233985286,55.943631637554326,null
59,-3.1911184233985286,55.943631637554326,90,-3.1911184233985286,55.94393163755433,spicy.bunch.shady
60,-3.1911184233985286,55.94393163755433,80,-3.1910663289452286,55.944227079880235,null
61,-3.1910663289452286,55.944227079880235,90,-3.1910663289452286,55.94452707988024,paying.crowd.weep
62,-3.1910663289452286,55.94452707988024,90,-3.1910663289452286,55.94482707988024,null
63,-3.1910663289452286,55.94482707988024,90,-3.1910663289452286,55.945127079880244,null
64,-3.1910663289452286,55.945127079880244,100,-3.1911184233985286,55.94542252220615,null
65,-3.1911184233985286,55.94542252220615,90,-3.1911184233985286,55.945722522206154,null
66,-3.1911184233985286,55.945722522206154,100,-3.1911705178518286,55.94601796453206,simple.rust.audio
67,-3.1911705178518286,55.94601796453206,270,-3.1911705178518286,55.94571796453206,null
68,-3.1911705178518286,55.94571796453206,270,-3.1911705178518286,55.945417964532055,null
69,-3.1911705178518286,55.945417964532055,270,-3.1911705178518286,55.94511796453205,null
70,-3.1911705178518286,55.94511796453205,270,-3.1911705178518286,55.94481796453205,null
71,-3.1911705178518286,55.94481796453205,270,-3.1911705178518286,55.94451796453205,null
72,-3.1911705178518286,55.94451796453205,270,-3.1911705178518286,55.944217964532044,null
73,-3.1911705178518286,55.944217964532044,270,-3.1911705178518286,55.94391796453204,null
74,-3.1911705178518286,55.94391796453204,270,-3.1911705178518286,55.94361796453204,null
75,-3.1911705178518286,55.94361796453204,270,-3.1911705178518286,55.943317964532035,null
76,-3.1911705178518286,55.943317964532035,270,-3.1911705178518286,55.94301796453203,null
77,-3.1911705178518286,55.94301796453203,270,-3.1911705178518286,55.94271796453203,along.spill.limp
78,-3.1911705178518286,55.94271796453203,0,-3.1908705178518284,55.94271796453203,null
79,-3.1908705178518284,55.94271796453203,0,-3.190570517851828,55.94271796453203,null
80,-3.190570517851828,55.94271796453203,0,-3.190270517851828,55.94271796453203,null
81,-3.190270517851828,55.94271796453203,350,-3.189975075525924,55.94266587007873,null
82,-3.189975075525924,55.94266587007873,0,-3.189675075525924,55.94266587007873,hooked.shine.third
83,-3.189675075525924,55.94266587007873,110,-3.1897776815689216,55.942947777864966,null
84,-3.1897776815689216,55.942947777864966,20,-3.189495773782686,55.943050383907966,null
85,-3.189495773782686,55.943050383907966,20,-3.18921386599645,55.94315298995097,null
86,-3.18921386599645,55.94315298995097,20,-3.1889319582102145,55.94325559599397,null
87,-3.1889319582102145,55.94325559599397,30,-3.188672150589079,55.943405595993966,system.speak.guard
88,-3.188672150589079,55.943405595993966,280,-3.188620056135779,55.94311015366806,groups.ideas.script
89,-3.188620056135779,55.94311015366806,10,-3.188324613809875,55.94316224812136,null
90,-3.188324613809875,55.94316224812136,0,-3.188024613809875,55.94316224812136,null
91,-3.188024613809875,55.94316224812136,10,-3.187729171483971,55.94321434257466,null
92,-3.187729171483971,55.94321434257466,0,-3.187429171483971,55.94321434257466,null
93,-3.187429171483971,55.94321434257466,10,-3.187133729158067,55.943266437027965,null
94,-3.187133729158067,55.943266437027965,0,-3.186833729158067,55.943266437027965,null
95,-3.186833729158067,55.943266437027965,40,-3.186603915825131,55.94345927331087,null
96,-3.186603915825131,55.94345927331087,0,-3.186303915825131,55.94345927331087,null
97,-3.186303915825131,55.94345927331087,0,-3.1860039158251308,55.94345927331087,null
98,-3.1860039158251308,55.94345927331087,0,-3.1857039158251306,55.94345927331087,null
99,-3.1857039158251306,55.94345927331087,0,-3.1854039158251304,55.94345927331087,null
100,-3.1854039158251304,55.94345927331087,0,-3.18510391582513,55.94345927331087,sentences.sings.modern
101,-3.18510391582513,55.94345927331087,150,-3.1853637234462657,55.94360927331087,null
102,-3.1853637234462657,55.94360927331087,160,-3.1856456312325014,55.94371187935387,null
103,-3.1856456312325014,55.94371187935387,150,-3.185905438853637,55.94386187935387,null
104,-3.185905438853637,55.94386187935387,160,-3.1861873466398727,55.94396448539687,null
105,-3.1861873466398727,55.94396448539687,150,-3.186447154261008,55.94411448539687,null
106,-3.186447154261008,55.94411448539687,190,-3.186742596586912,55.944062390943564,null
107,-3.186742596586912,55.944062390943564,190,-3.187038038912816,55.94401029649026,null
108,-3.187038038912816,55.94401029649026,120,-3.187188038912816,55.944270104111396,null
109,-3.187188038912816,55.944270104111396,120,-3.187338038912816,55.94452991173253,only.fairly.rift
110,-3.187338038912816,55.94452991173253,190,-3.18763348123872,55.94447781727923,null
111,-3.18763348123872,55.94447781727923,180,-3.18793348123872,55.94447781727923,null
112,-3.18793348123872,55.94447781727923,190,-3.188228923564624,55.944425722825926,null
