1,-3.188396,55.944425,0,-3.188096,55.944425,null
2,-3.188096,55.944425,350,-3.187800557674096,55.9443729055467,thank.salsa.brain
3,-3.187800557674096,55.9443729055467,110,-3.1879031637170936,55.94465481333294,null
4,-3.1879031637170936,55.94465481333294,110,-3.188005769760091,55.94493672111918,agents.mile.crib
5,-3.188005769760091,55.94493672111918,150,-3.1882655773812267,55.945086721119175,null
6,-3.1882655773812267,55.945086721119175,150,-3.1885253850023623,55.94523672111917,null
7,-3.1885253850023623,55.94523672111917,140,-3.188755198335298,55.94542955740208,shady.soft.phones
8,-3.188755198335298,55.94542955740208,70,-3.1886525922923004,55.94571146518832,null
9,-3.1886525922923004,55.94571146518832,70,-3.1885499862493027,55.945993372974556,boost.radar.stress
10,-3.1885499862493027,55.945993372974556,180,-3.188849986249303,55.945993372974556,null
11,-3.188849986249303,55.945993372974556,180,-3.189149986249303,55.945993372974556,null
12,-3.189149986249303,55.945993372974556,190,-3.189445428575207,55.94594127852125,coherent.saints.stuck
13,-3.189445428575207,55.94594127852125,280,-3.189393334121907,55.94564583619535,null
14,-3.189393334121907,55.94564583619535,280,-3.189341239668607,55.94535039386944,null
15,-3.189341239668607,55.94535039386944,280,-3.189289145215307,55.94505495154353,null
16,-3.189289145215307,55.94505495154353,280,-3.189237050762007,55.944759509217626,null
17,-3.189237050762007,55.944759509217626,280,-3.189184956308707,55.94446406689172,null
18,-3.189184956308707,55.94446406689172,280,-3.189132861855407,55.94416862456581,spoon.invest.every
19,-3.189132861855407,55.94416862456581,310,-3.188940025572501,55.943938811232876,noted.friday.jams
20,-3.188940025572501,55.943938811232876,290,-3.1888374195295035,55.94365690344664,null
21,-3.1888374195295035,55.94365690344664,290,-3.188734813486506,55.9433749956604,null
22,-3.188734813486506,55.9433749956604,300,-3.188584813486506,55.943115188039265,groups.ideas.script
23,-3.188584813486506,55.943115188039265,190,-3.1888802558124096,55.94306309358596,null
24,-3.1888802558124096,55.94306309358596,190,-3.1891756981383135,55.94301099913266,region.passes.pencil
25,-3.1891756981383135,55.94301099913266,210,-3.189435505759449,55.94286099913266,null
26,-3.189435505759449,55.94286099913266,190,-3.189730948085353,55.94280890467936,hooked.shine.third
27,-3.189730948085353,55.94280890467936,150,-3.1899907557064884,55.94295890467936,second.launch.miles
28,-3.1899907557064884,55.94295890467936,80,-3.1899386612531884,55.943254347005265,null
29,-3.1899386612531884,55.943254347005265,80,-3.1898865667998884,55.94354978933117,null
30,-3.1898865667998884,55.94354978933117,80,-3.1898344723465883,55.94384523165708,null
31,-3.1898344723465883,55.94384523165708,80,-3.1897823778932883,55.944140673982986,cliff.asleep.wedge
32,-3.1897823778932883,55.944140673982986,170,-3.190077820219192,55.94419276843629,null
33,-3.190077820219192,55.94419276843629,170,-3.190373262545096,55.94424486288959,null
34,-3.190373262545096,55.94424486288959,160,-3.1906551703313317,55.94434746893259,null
35,-3.1906551703313317,55.94434746893259,170,-3.1909506126572356,55.94439956338589,paying.crowd.weep
36,-3.1909506126572356,55.94439956338589,230,-3.1911434489401413,55.94416975005296,hills.giant.crate
37,-3.1911434489401413,55.94416975005296,270,-3.1911434489401413,55.943869750052954,null
38,-3.1911434489401413,55.943869750052954,280,-3.1910913544868413,55.94357430772705,loaf.cheer.slave
39,-3.1910913544868413,55.94357430772705,260,-3.1911434489401413,55.94327886540114,null
40,-3.1911434489401413,55.94327886540114,270,-3.1911434489401413,55.94297886540114,else.urban.museum
41,-3.1911434489401413,55.94297886540114,90,-3.1911434489401413,55.94327886540114,null
42,-3.1911434489401413,55.94327886540114,90,-3.1911434489401413,55.94357886540114,null
43,-3.1911434489401413,55.94357886540114,90,-3.1911434489401413,55.943878865401146,null
44,-3.1911434489401413,55.943878865401146,80,-3.1910913544868413,55.94417430772705,null
45,-3.1910913544868413,55.94417430772705,90,-3.1910913544868413,55.944474307727056,null
46,-3.1910913544868413,55.944474307727056,80,-3.1910392600335413,55.94476975005296,estate.gave.votes
47,-3.1910392600335413,55.94476975005296,160,-3.191321167819777,55.94487235609596,null
48,-3.191321167819777,55.94487235609596,160,-3.1916030756060128,55.944974962138964,null
49,-3.1916030756060128,55.944974962138964,170,-3.1918985179319166,55.94502705659227,null
50,-3.1918985179319166,55.94502705659227,160,-3.1921804257181523,55.94512966263527,useful.hike.trades
51,-3.1921804257181523,55.94512966263527,0,-3.191880425718152,55.94512966263527,null
52,-3.191880425718152,55.94512966263527,0,-3.191580425718152,55.94512966263527,null
53,-3.191580425718152,55.94512966263527,0,-3.1912804257181517,55.94512966263527,null
54,-3.1912804257181517,55.94512966263527,0,-3.1909804257181515,55.94512966263527,null
55,-3.1909804257181515,55.94512966263527,0,-3.1906804257181514,55.94512966263527,null
56,-3.1906804257181514,55.94512966263527,0,-3.190380425718151,55.94512966263527,null
57,-3.190380425718151,55.94512966263527,10,-3.1900849833922473,55.94518175708857,null
58,-3.1900849833922473,55.94518175708857,0,-3.189784983392247,55.94518175708857,null
59,-3.189784983392247,55.94518175708857,10,-3.1894895410663433,55.94523385154187,null
60,-3.1894895410663433,55.94523385154187,0,-3.189189541066343,55.94523385154187,null
61,-3.189189541066343,55.94523385154187,10,-3.1888940987404393,55.945285945995174,null
62,-3.1888940987404393,55.945285945995174,0,-3.188594098740439,55.945285945995174,null
63,-3.188594098740439,55.945285945995174,10,-3.1882986564145352,55.945338040448476,null
64,-3.1882986564145352,55.945338040448476,340,-3.1880167486282995,55.945235434405475,null
65,-3.1880167486282995,55.945235434405475,300,-3.1878667486282994,55.94497562678434,null
66,-3.1878667486282994,55.94497562678434,300,-3.1877167486282993,55.94471581916321,null
67,-3.1877167486282993,55.94471581916321,300,-3.1875667486282993,55.94445601154207,null
68,-3.1875667486282993,55.94445601154207,320,-3.1873369352953635,55.94426317525917,null
69,-3.1873369352953635,55.94426317525917,320,-3.187107121962428,55.94407033897626,renew.ears.tend
70,-3.187107121962428,55.94407033897626,260,-3.187159216415728,55.94377489665035,null
71,-3.187159216415728,55.94377489665035,260,-3.187211310869028,55.94347945432445,scale.chair.kinds
72,-3.187211310869028,55.94347945432445,290,-3.1871087048260303,55.94319754653821,null
73,-3.1871087048260303,55.94319754653821,290,-3.1870060987830326,55.94291563875197,valve.elaborate.fortunate
74,-3.1870060987830326,55.94291563875197,280,-3.1869540043297326,55.94262019642606,strut.river.surely
75,-3.1869540043297326,55.94262019642606,30,-3.186694196708597,55.94277019642606,null
76,-3.186694196708597,55.94277019642606,30,-3.1864343890874616,55.94292019642606,hers.banks.goat
77,-3.1864343890874616,55.94292019642606,330,-3.186174581466326,55.94277019642606,under.retire.bump
78,-3.186174581466326,55.94277019642606,10,-3.185879139140422,55.94282229087936,null
79,-3.185879139140422,55.94282229087936,10,-3.1855836968145184,55.942874385332665,dent.shins.cycle
80,-3.1855836968145184,55.942874385332665,100,-3.1856357912678184,55.94316982765857,toned.deflection.bland
81,-3.1856357912678184,55.94316982765857,80,-3.1855836968145184,55.94346526998448,null
82,-3.1855836968145184,55.94346526998448,80,-3.1855316023612184,55.943760712310386,null
83,-3.1855316023612184,55.943760712310386,90,-3.1855316023612184,55.94406071231039,manliness.poem.cliff
84,-3.1855316023612184,55.94406071231039,310,-3.1853387660783126,55.94383089897745,null
85,-3.1853387660783126,55.94383089897745,310,-3.185145929795407,55.94360108564452,null
86,-3.185145929795407,55.94360108564452,310,-3.184953093512501,55.94337127231158,null
87,-3.184953093512501,55.94337127231158,310,-3.184760257229595,55.943141458978644,brings.remedy.latter
88,-3.184760257229595,55.943141458978644,270,-3.184760257229595,55.94284145897864,courier.assume.bill
89,-3.184760257229595,55.94284145897864,80,-3.184708162776295,55.94313690130455,null
90,-3.184708162776295,55.94313690130455,80,-3.184656068322995,55.943432343630455,null
91,-3.184656068322995,55.943432343630455,80,-3.184603973869695,55.94372778595636,null
92,-3.184603973869695,55.94372778595636,80,-3.184551879416395,55.94402322828227,null
93,-3.184551879416395,55.94402322828227,80,-3.184499784963095,55.944318670608176,null
94,-3.184499784963095,55.944318670608176,90,-3.184499784963095,55.94461867060818,null
95,-3.184499784963095,55.94461867060818,80,-3.184447690509795,55.944914112934086,sports.topic.clocks
96,-3.184447690509795,55.944914112934086,140,-3.184677503842731,55.94510694921699,null
97,-3.184677503842731,55.94510694921699,140,-3.1849073171756666,55.9452997854999,null
98,-3.1849073171756666,55.9452997854999,140,-3.1851371305086023,55.945492621782805,null
99,-3.1851371305086023,55.945492621782805,140,-3.185366943841538,55.94568545806571,null
100,-3.185366943841538,55.94568545806571,140,-3.1855967571744737,55.94587829434862,null
101,-3.1855967571744737,55.94587829434862,150,-3.185856564795609,55.946028294348615,renew.slows.basket
102,-3.185856564795609,55.946028294348615,210,-3.1861163724167447,55.94587829434862,null
103,-3.1861163724167447,55.94587829434862,210,-3.1863761800378803,55.94572829434862,null
104,-3.1863761800378803,55.94572829434862,210,-3.186635987659016,55.94557829434862,null
105,-3.186635987659016,55.94557829434862,210,-3.1868957952801513,55.94542829434862,spent.spoon.bolt
106,-3.1868957952801513,55.94542829434862,320,-3.1866659819472156,55.94523545806572,null
107,-3.1866659819472156,55.94523545806572,310,-3.18647314566431,55.94500564473278,null
108,-3.18647314566431,55.94500564473278,320,-3.186243332331374,55.944812808449875,null
109,-3.186243332331374,55.944812808449875,310,-3.1860504960484684,55.94458299511694,null
110,-3.1860504960484684,55.94458299511694,320,-3.1858206827155326,55.94439015883403,null
111,-3.1858206827155326,55.94439015883403,310,-3.185627846432627,55.944160345501096,null
112,-3.185627846432627,55.944160345501096,320,-3.185398033099691,55.94396750921819,null
113,-3.185398033099691,55.94396750921819,310,-3.1852051968167854,55.943737695885254,hello.love.keys
114,-3.1852051968167854,55.943737695885254,170,-3.185500639142689,55.943789790338556,null
115,-3.185500639142689,55.943789790338556,170,-3.185796081468593,55.94384188479186,null
116,-3.185796081468593,55.94384188479186,170,-3.186091523794497,55.94389397924516,null
117,-3.186091523794497,55.94389397924516,170,-3.1863869661204007,55.94394607369846,null
118,-3.1863869661204007,55.94394607369846,170,-3.1866824084463046,55.943998168151765,null
119,-3.1866824084463046,55.943998168151765,170,-3.1869778507722084,55.94405026260507,null
120,-3.1869778507722084,55.94405026260507,170,-3.1872732930981122,55.94410235705837,null
121,-3.1872732930981122,55.94410235705837,160,-3.187555200884348,55.94420496310137,null
122,-3.187555200884348,55.94420496310137,170,-3.187850643210252,55.94425705755467,null
123,-3.187850643210252,55.94425705755467,160,-3.1881325509964875,55.94435966359767,null
124,-3.1881325509964875,55.94435966359767,170,-3.1884279933223914,55.944411758050975,null
