1,-3.188396,55.944425,290,-3.1882933939570024,55.944143092213764,rush.crown.link
2,-3.1882933939570024,55.944143092213764,200,-3.188575301743238,55.94404048617076,null
3,-3.188575301743238,55.94404048617076,200,-3.188857209529474,55.94393788012776,noted.friday.jams
4,-3.188857209529474,55.94393788012776,140,-3.1890870228624095,55.94413071641067,spoon.invest.every
5,-3.1890870228624095,55.94413071641067,250,-3.189189628905407,55.94384880862443,null
6,-3.189189628905407,55.94384880862443,250,-3.1892922349484047,55.94356690083819,null
7,-3.1892922349484047,55.94356690083819,250,-3.1893948409914024,55.943284993051954,rents.cone.stove
8,-3.1893948409914024,55.943284993051954,190,-3.189690283317306,55.94323289859865,null
9,-3.189690283317306,55.94323289859865,190,-3.18998572564321,55.94318080414535,shows.fries.lamp
10,-3.18998572564321,55.94318080414535,290,-3.1898831196002124,55.94289889635911,null
11,-3.1898831196002124,55.94289889635911,300,-3.1897331196002123,55.94263908873798,hooked.shine.third
12,-3.1897331196002123,55.94263908873798,170,-3.190028561926116,55.94269118319128,null
13,-3.190028561926116,55.94269118319128,170,-3.19032400425202,55.94274327764458,null
14,-3.19032400425202,55.94274327764458,160,-3.1906059120382557,55.94284588368758,tonic.bliss.cove
15,-3.1906059120382557,55.94284588368758,120,-3.190755912038256,55.943105691308716,null
16,-3.190755912038256,55.943105691308716,110,-3.1908585180812534,55.943387599094955,null
17,-3.1908585180812534,55.943387599094955,120,-3.1910085180812535,55.94364740671609,null
18,-3.1910085180812535,55.94364740671609,110,-3.191111124124251,55.94392931450233,spicy.bunch.shady
19,-3.191111124124251,55.94392931450233,80,-3.191059029670951,55.944224756828234,null
20,-3.191059029670951,55.944224756828234,90,-3.191059029670951,55.94452475682824,paying.crowd.weep
21,-3.191059029670951,55.94452475682824,90,-3.191059029670951,55.94482475682824,estate.gave.votes
22,-3.191059029670951,55.94482475682824,80,-3.191006935217651,55.94512019915415,maple.limit.hotels
23,-3.191006935217651,55.94512019915415,20,-3.1907250274314154,55.94522280519715,null
24,-3.1907250274314154,55.94522280519715,20,-3.1904431196451797,55.94532541124015,null
25,-3.1904431196451797,55.94532541124015,20,-3.190161211858944,55.94542801728315,null
26,-3.190161211858944,55.94542801728315,10,-3.18986576953304,55.94548011173645,turkey.limit.ramp
27,-3.18986576953304,55.94548011173645,20,-3.1895838617468044,55.94558271777945,null
28,-3.1895838617468044,55.94558271777945,20,-3.1893019539605687,55.94568532382245,museum.spicy.horns
29,-3.1893019539605687,55.94568532382245,110,-3.1894045600035663,55.94596723160869,coherent.saints.stuck
30,-3.1894045600035663,55.94596723160869,320,-3.1891747466706306,55.945774395325785,null
31,-3.1891747466706306,55.945774395325785,320,-3.188944933337695,55.94558155904288,null
32,-3.188944933337695,55.94558155904288,310,-3.188752097054789,55.94535174570994,shady.soft.phones
33,-3.188752097054789,55.94535174570994,70,-3.1886494910117915,55.94563365349618,null
34,-3.1886494910117915,55.94563365349618,80,-3.1885973965584915,55.94592909582209,boost.radar.stress
35,-3.1885973965584915,55.94592909582209,0,-3.1882973965584913,55.94592909582209,null
36,-3.1882973965584913,55.94592909582209,0,-3.187997396558491,55.94592909582209,null
37,-3.187997396558491,55.94592909582209,0,-3.187697396558491,55.94592909582209,null
38,-3.187697396558491,55.94592909582209,0,-3.1873973965584907,55.94592909582209,slips.mass.baking
39,-3.1873973965584907,55.94592909582209,310,-3.187204560275585,55.94569928248915,null
40,-3.187204560275585,55.94569928248915,310,-3.187011723992679,55.945469469156215,null
41,-3.187011723992679,55.945469469156215,310,-3.1868188877097734,55.94523965582328,dragon.bottle.crisp
42,-3.1868188877097734,55.94523965582328,310,-3.1866260514268676,55.94500984249034,null
43,-3.1866260514268676,55.94500984249034,300,-3.1864760514268675,55.94475003486921,null
44,-3.1864760514268675,55.94475003486921,210,-3.186735859048003,55.94460003486921,artist.gets.react
45,-3.186735859048003,55.94460003486921,190,-3.187031301373907,55.94454794041591,null
46,-3.187031301373907,55.94454794041591,190,-3.1873267436998107,55.94449584596261,only.fairly.rift
47,-3.1873267436998107,55.94449584596261,250,-3.1874293497428083,55.94421393817637,null
48,-3.1874293497428083,55.94421393817637,260,-3.1874814441961083,55.94391849585046,begins.spider.drips
49,-3.1874814441961083,55.94391849585046,240,-3.1876314441961084,55.94365868822933,null
50,-3.1876314441961084,55.94365868822933,240,-3.1877814441961085,55.94339888060819,gums.clock.modes
51,-3.1877814441961085,55.94339888060819,200,-3.1880633519823443,55.94329627456519,null
52,-3.1880633519823443,55.94329627456519,200,-3.18834525976858,55.94319366852219,null
53,-3.18834525976858,55.94319366852219,200,-3.1886271675548157,55.94309106247919,groups.ideas.script
54,-3.1886271675548157,55.94309106247919,350,-3.188331725228912,55.94303896802589,null
55,-3.188331725228912,55.94303896802589,350,-3.188036282903008,55.942986873572586,null
56,-3.188036282903008,55.942986873572586,350,-3.187740840577104,55.942934779119284,null
57,-3.187740840577104,55.942934779119284,350,-3.1874453982512003,55.94288268466598,null
58,-3.1874453982512003,55.94288268466598,0,-3.1871453982512,55.94288268466598,null
59,-3.1871453982512,55.94288268466598,350,-3.1868499559252963,55.94283059021268,null
60,-3.1868499559252963,55.94283059021268,0,-3.186549955925296,55.94283059021268,null
61,-3.186549955925296,55.94283059021268,350,-3.1862545135993923,55.94277849575938,under.retire.bump
62,-3.1862545135993923,55.94277849575938,10,-3.1859590712734884,55.94283059021268,null
63,-3.1859590712734884,55.94283059021268,10,-3.1856636289475846,55.94288268466598,dent.shins.cycle
64,-3.1856636289475846,55.94288268466598,60,-3.1855136289475845,55.943142492287116,null
65,-3.1855136289475845,55.943142492287116,60,-3.1853636289475844,55.94340229990825,null
66,-3.1853636289475844,55.94340229990825,50,-3.1851707926646786,55.943632113241186,hello.love.keys
67,-3.1851707926646786,55.943632113241186,90,-3.1851707926646786,55.94393211324119,null
68,-3.1851707926646786,55.94393211324119,100,-3.1852228871179786,55.944227555567096,null
69,-3.1852228871179786,55.944227555567096,90,-3.1852228871179786,55.9445275555671,acid.chair.butter
70,-3.1852228871179786,55.9445275555671,30,-3.184963079496843,55.9446775555671,null
71,-3.184963079496843,55.9446775555671,30,-3.1847032718757076,55.944827555567095,null
72,-3.1847032718757076,55.944827555567095,30,-3.184443464254572,55.94497755556709,sports.topic.clocks
73,-3.184443464254572,55.94497755556709,150,-3.1847032718757076,55.94512755556709,null
74,-3.1847032718757076,55.94512755556709,150,-3.184963079496843,55.94527755556709,null
75,-3.184963079496843,55.94527755556709,140,-3.185192892829779,55.945470391849994,null
76,-3.185192892829779,55.945470391849994,150,-3.1854527004509143,55.94562039184999,null
77,-3.1854527004509143,55.94562039184999,140,-3.18568251378385,55.9458132281329,shed.desire.muddy
78,-3.18568251378385,55.9458132281329,180,-3.1859825137838502,55.9458132281329,null
79,-3.1859825137838502,55.9458132281329,190,-3.186277956109754,55.945761133679596,posts.kicked.universally
80,-3.186277956109754,55.945761133679596,280,-3.186225861656454,55.94546569135369,null
81,-3.186225861656454,55.94546569135369,280,-3.186173767203154,55.94517024902778,null
82,-3.186173767203154,55.94517024902778,270,-3.186173767203154,55.94487024902778,null
83,-3.186173767203154,55.94487024902778,280,-3.186121672749854,55.94457480670187,null
84,-3.186121672749854,55.94457480670187,270,-3.186121672749854,55.94427480670187,organs.shape.fantastic
85,-3.186121672749854,55.94427480670187,220,-3.1863514860827897,55.944081970418964,null
86,-3.1863514860827897,55.944081970418964,180,-3.18665148608279,55.944081970418964,null
87,-3.18665148608279,55.944081970418964,190,-3.1869469284086938,55.94402987596566,null
88,-3.1869469284086938,55.94402987596566,170,-3.1872423707345976,55.944081970418964,null
89,-3.1872423707345976,55.944081970418964,170,-3.1875378130605014,55.944134064872266,null
90,-3.1875378130605014,55.944134064872266,170,-3.1878332553864053,55.94418615932557,null
91,-3.1878332553864053,55.94418615932557,170,-3.188128697712309,55.94423825377887,null
92,-3.188128697712309,55.94423825377887,170,-3.188424140038213,55.94429034823217,null
93,-3.188424140038213,55.94429034823217,170,-3.188719582364117,55.944342442685475,null
94,-3.188719582364117,55.944342442685475,170,-3.1890150246900206,55.94439453713878,null
95,-3.1890150246900206,55.94439453713878,170,-3.1893104670159245,55.94444663159208,null
96,-3.1893104670159245,55.94444663159208,170,-3.1896059093418283,55.94449872604538,null
97,-3.1896059093418283,55.94449872604538,170,-3.189901351667732,55.944550820498684,null
98,-3.189901351667732,55.944550820498684,170,-3.190196793993636,55.944602914951986,null
99,-3.190196793993636,55.944602914951986,170,-3.19049223631954,55.94465500940529,null
100,-3.19049223631954,55.94465500940529,170,-3.1907876786454437,55.94470710385859,null
101,-3.1907876786454437,55.94470710385859,160,-3.1910695864316794,55.94480970990159,null
102,-3.1910695864316794,55.94480970990159,170,-3.191365028757583,55.94486180435489,null
103,-3.191365028757583,55.94486180435489,160,-3.191646936543819,55.944964410397894,null
104,-3.191646936543819,55.944964410397894,170,-3.1919423788697228,55.945016504851196,null
105,-3.1919423788697228,55.945016504851196,160,-3.1922242866559585,55.9451191108942,useful.hike.trades
106,-3.1922242866559585,55.9451191108942,310,-3.1920314503730527,55.94488929756126,null
107,-3.1920314503730527,55.94488929756126,310,-3.191838614090147,55.944659484228325,null
108,-3.191838614090147,55.944659484228325,310,-3.191645777807241,55.94442967089539,null
109,-3.191645777807241,55.94442967089539,300,-3.191495777807241,55.944169863274254,null
110,-3.191495777807241,55.944169863274254,310,-3.1913029415243352,55.94394004994132,null
111,-3.1913029415243352,55.94394004994132,300,-3.191152941524335,55.943680242320184,null
112,-3.191152941524335,55.943680242320184,310,-3.1909601052414294,55.94345042898725,null
113,-3.1909601052414294,55.94345042898725,300,-3.1908101052414293,55.943190621366114,relate.chill.vest
114,-3.1908101052414293,55.943190621366114,30,-3.1905502976202937,55.94334062136611,null
115,-3.1905502976202937,55.94334062136611,30,-3.190290489999158,55.94349062136611,null
116,-3.190290489999158,55.94349062136611,30,-3.1900306823780227,55.94364062136611,null
117,-3.1900306823780227,55.94364062136611,30,-3.189770874756887,55.943790621366105,null
118,-3.189770874756887,55.943790621366105,20,-3.1894889669706514,55.943893227409106,null
119,-3.1894889669706514,55.943893227409106,30,-3.189229159349516,55.944043227409104,null
120,-3.189229159349516,55.944043227409104,20,-3.18894725156328,55.944145833452104,null
121,-3.18894725156328,55.944145833452104,30,-3.1886874439421447,55.9442958334521,null
122,-3.1886874439421447,55.9442958334521,20,-3.188405536155909,55.9443984394951,null
